OrderID,Date,CustomerID,Product,Quantity,UnitPrice,ShippingAddress,PaymentMethod,OrderStatus,TrackingNumber,ItemsInCart,CouponCode,ReferralSource,TotalPrice
ORD200004,2025-05-08,C81840,Printer,4,626.01,668 Main St,Online,Delivered,TRK29241424,8,SAVE10,Email,2504.04
ORD200015,2023-07-17,C39416,Printer,1,473.96,942 Main St,Cash,Delivered,TRK54930938,3,,Google,473.96
ORD200021,2024-11-17,C99023,Monitor,4,342.95,569 Main St,Cash,Delivered,TRK52646983,6,,Google,1371.8
ORD200024,2024-10-30,C17470,Laptop,2,230.95,956 Main St,Online,Delivered,TRK28775057,3,WINTER15,Referral,461.9
ORD200025,2024-07-24,C42577,Monitor,1,399.98,709 Main St,Debit Card,Delivered,TRK69423327,3,WINTER15,Email,399.98
ORD200026,2024-03-06,C21944,Laptop,5,59.55,296 Main St,Online,Delivered,TRK80276812,6,,Referral,297.75
ORD200029,2024-09-20,C33260,Desk,3,423.53,930 Main St,Credit Card,Delivered,TRK59744090,6,SAVE10,Referral,1270.59
ORD200032,2023-05-01,C12388,Tablet,5,536.72,830 Main St,Cash,Delivered,TRK99261395,10,,Email,2683.6
ORD200038,2024-12-19,C15924,Laptop,1,245.89,549 Main St,Debit Card,Delivered,TRK14835975,3,SAVE10,Google,245.89
ORD200039,2025-02-27,C96664,Printer,3,256.46,666 Main St,Credit Card,Delivered,TRK85508960,4,SAVE10,Referral,769.3799999999999
ORD200040,2023-08-20,C84766,Desk,2,344.02,267 Main St,Online,Delivered,TRK78967923,4,FREESHIP,Instagram,688.04
ORD200061,2024-03-24,C61618,Desk,4,122.2,104 Main St,Cash,Delivered,TRK43458485,7,FREESHIP,Facebook,488.8
ORD200065,2023-12-30,C97735,Monitor,5,81.7,385 Main St,Credit Card,Delivered,TRK13743703,6,,Instagram,408.5
ORD200075,2023-09-26,C80651,Tablet,3,398.17,917 Main St,Debit Card,Delivered,TRK14846720,5,SAVE10,Email,1194.51
ORD200078,2024-08-06,C32029,Printer,4,175.36,146 Main St,Debit Card,Delivered,TRK68535532,4,FREESHIP,Instagram,701.44
ORD200085,2024-09-09,C14553,Tablet,3,146.73,768 Main St,Cash,Delivered,TRK93538334,8,FREESHIP,Email,440.1899999999999
ORD200090,2023-09-18,C36540,Chair,4,182.08,611 Main St,Gift Card,Delivered,TRK35828122,4,SAVE10,Email,728.32
ORD200096,2024-06-01,C93007,Phone,2,232.83,103 Main St,Gift Card,Delivered,TRK85696091,7,,Instagram,465.66
ORD200100,2023-02-17,C74866,Phone,3,664.79,743 Main St,Online,Delivered,TRK53783265,6,,Facebook,1994.37
ORD200104,2024-07-30,C65744,Phone,1,582.04,647 Main St,Gift Card,Delivered,TRK39906058,1,FREESHIP,Email,582.04
ORD200108,2024-12-28,C33099,Laptop,5,48.38,522 Main St,Gift Card,Delivered,TRK28522330,9,WINTER15,Email,241.9
ORD200123,2023-07-06,C86064,Desk,3,278.04,727 Main St,Online,Delivered,TRK62182901,5,,Instagram,834.1200000000001
ORD200128,2023-02-17,C86408,Tablet,4,21.07,244 Main St,Gift Card,Delivered,TRK41432648,4,FREESHIP,Google,84.28
ORD200137,2024-11-26,C50682,Monitor,2,250.98,598 Main St,Credit Card,Delivered,TRK12242337,5,,Google,501.96
ORD200140,2025-05-31,C33110,Chair,3,528.14,388 Main St,Online,Delivered,TRK38624225,3,FREESHIP,Email,1584.42
ORD200145,2024-03-02,C85929,Printer,3,146.91,798 Main St,Credit Card,Delivered,TRK29318610,6,FREESHIP,Google,440.73
ORD200149,2023-12-27,C39671,Laptop,1,217.56,174 Main St,Debit Card,Delivered,TRK47153818,3,,Facebook,217.56
ORD200156,2024-11-08,C58808,Chair,2,269.83,651 Main St,Online,Delivered,TRK24451893,4,SAVE10,Email,539.66
ORD200166,2025-03-04,C28889,Chair,3,86.29,565 Main St,Cash,Delivered,TRK23791726,6,WINTER15,Instagram,258.87
ORD200169,2024-04-07,C35785,Printer,1,427.82,732 Main St,Online,Delivered,TRK78923089,2,WINTER15,Email,427.82
ORD200171,2023-08-15,C20448,Tablet,2,148.22,336 Main St,Credit Card,Delivered,TRK67379895,7,WINTER15,Instagram,296.44
ORD200172,2025-04-06,C34134,Printer,1,254.12,365 Main St,Online,Delivered,TRK43074303,1,WINTER15,Email,254.12
ORD200173,2024-03-24,C95901,Phone,3,664.46,806 Main St,Online,Delivered,TRK56989066,4,FREESHIP,Google,1993.38
ORD200174,2024-04-16,C51145,Printer,4,600.81,790 Main St,Debit Card,Delivered,TRK59154274,9,SAVE10,Email,2403.24
ORD200178,2024-04-11,C53070,Chair,4,512.06,283 Main St,Online,Delivered,TRK49791755,5,SAVE10,Google,2048.24
ORD200179,2024-11-24,C27401,Laptop,3,539.91,500 Main St,Credit Card,Delivered,TRK14332053,8,,Email,1619.73
ORD200183,2024-04-18,C39246,Monitor,5,186.28,258 Main St,Debit Card,Delivered,TRK16658182,8,SAVE10,Email,931.4
ORD200196,2025-01-24,C40882,Desk,4,217.13,719 Main St,Cash,Delivered,TRK64165503,8,WINTER15,Email,868.52
ORD200200,2025-06-07,C97681,Tablet,5,433.26,895 Main St,Credit Card,Delivered,TRK37531040,9,SAVE10,Google,2166.3
ORD200207,2025-03-18,C54595,Phone,1,121.96,999 Main St,Debit Card,Delivered,TRK44416659,3,,Google,121.96
ORD200210,2024-12-05,C93821,Chair,3,358.48,513 Main St,Gift Card,Delivered,TRK10658539,7,FREESHIP,Facebook,1075.44
ORD200214,2024-08-21,C29483,Desk,4,305.72,673 Main St,Online,Delivered,TRK89423603,5,,Facebook,1222.88
ORD200219,2025-05-02,C48946,Laptop,5,61.97,457 Main St,Cash,Delivered,TRK99387220,6,SAVE10,Email,309.85
ORD200226,2025-06-27,C31501,Desk,3,588.05,242 Main St,Gift Card,Delivered,TRK93063929,8,,Instagram,1764.15
ORD200229,2025-03-28,C62622,Tablet,1,562.61,762 Main St,Credit Card,Delivered,TRK70997648,3,WINTER15,Facebook,562.61
ORD200230,2023-12-16,C94595,Desk,4,61.91,948 Main St,Gift Card,Delivered,TRK24497305,6,WINTER15,Email,247.64
ORD200254,2023-12-26,C10866,Monitor,3,263.19,770 Main St,Online,Delivered,TRK34809583,5,,Instagram,789.5699999999999
ORD200259,2023-06-11,C20977,Chair,4,435.12,636 Main St,Credit Card,Delivered,TRK54991561,9,SAVE10,Instagram,1740.48
ORD200261,2025-05-28,C68976,Phone,5,173.65,460 Main St,Gift Card,Delivered,TRK25491356,9,SAVE10,Email,868.25
ORD200267,2025-04-17,C84480,Chair,5,468.51,803 Main St,Debit Card,Delivered,TRK62361867,9,,Facebook,2342.55
ORD200268,2023-08-11,C37032,Phone,2,423.88,655 Main St,Debit Card,Delivered,TRK48639226,7,SAVE10,Referral,847.76
ORD200277,2024-09-09,C11210,Chair,5,90.92,910 Main St,Credit Card,Delivered,TRK44929965,9,SAVE10,Facebook,454.6
ORD200278,2024-11-18,C46015,Laptop,5,362.46,299 Main St,Cash,Delivered,TRK46598430,6,FREESHIP,Instagram,1812.3
ORD200280,2023-03-27,C55388,Tablet,3,404.62,740 Main St,Gift Card,Delivered,TRK75741001,6,FREESHIP,Instagram,1213.86
ORD200285,2025-06-10,C67583,Phone,1,338.31,974 Main St,Online,Delivered,TRK93281700,3,,Google,338.31
ORD200290,2023-05-05,C24901,Chair,3,99.9,258 Main St,Cash,Delivered,TRK14029489,8,FREESHIP,Facebook,299.7
ORD200291,2024-05-12,C61521,Phone,2,345.01,670 Main St,Credit Card,Delivered,TRK93676567,6,FREESHIP,Google,690.02
ORD200292,2025-01-15,C39639,Monitor,1,65.95,185 Main St,Credit Card,Delivered,TRK31042152,5,,Facebook,65.95
ORD200304,2024-10-18,C86762,Monitor,5,408.73,326 Main St,Gift Card,Delivered,TRK75686292,10,FREESHIP,Instagram,2043.65
ORD200307,2023-07-01,C92407,Laptop,3,557.41,135 Main St,Online,Delivered,TRK11755610,4,,Email,1672.23
ORD200309,2023-10-03,C63153,Chair,4,549.76,625 Main St,Debit Card,Delivered,TRK38033305,4,FREESHIP,Facebook,2199.04
ORD200313,2023-07-09,C67687,Chair,2,434.3,978 Main St,Cash,Delivered,TRK22838735,7,SAVE10,Instagram,868.6
ORD200314,2023-10-04,C29931,Desk,4,153.09,540 Main St,Online,Delivered,TRK48712417,4,FREESHIP,Referral,612.36
ORD200322,2024-06-14,C48646,Phone,5,231.82,339 Main St,Debit Card,Delivered,TRK18233748,6,SAVE10,Facebook,1159.1
ORD200331,2023-04-15,C78724,Printer,3,422.13,187 Main St,Online,Delivered,TRK25703134,7,SAVE10,Facebook,1266.39
ORD200334,2024-03-26,C90348,Chair,4,224.75,728 Main St,Online,Delivered,TRK20635777,7,WINTER15,Facebook,899.0
ORD200349,2023-11-30,C39648,Chair,1,465.33,824 Main St,Gift Card,Delivered,TRK56016905,2,FREESHIP,Google,465.33
ORD200351,2025-02-15,C94248,Laptop,1,64.66,494 Main St,Debit Card,Delivered,TRK89406816,4,,Instagram,64.66
ORD200353,2025-03-28,C16012,Tablet,1,630.82,171 Main St,Online,Delivered,TRK15195225,5,FREESHIP,Google,630.82
ORD200357,2023-07-08,C74982,Laptop,5,408.56,398 Main St,Debit Card,Delivered,TRK98700702,8,FREESHIP,Instagram,2042.8
ORD200359,2023-06-09,C95643,Desk,4,606.57,303 Main St,Debit Card,Delivered,TRK23286689,5,WINTER15,Referral,2426.28
ORD200361,2024-06-29,C53464,Printer,5,659.85,197 Main St,Credit Card,Delivered,TRK32743531,9,SAVE10,Facebook,3299.25
ORD200385,2023-10-31,C56851,Chair,5,191.63,752 Main St,Gift Card,Delivered,TRK65290904,6,FREESHIP,Facebook,958.15
ORD200390,2023-07-14,C55996,Printer,5,508.69,885 Main St,Cash,Delivered,TRK30547638,10,FREESHIP,Google,2543.45
ORD200392,2024-02-28,C95100,Phone,1,627.2,197 Main St,Online,Delivered,TRK47366265,1,WINTER15,Email,627.2
ORD200395,2025-04-25,C30010,Phone,3,127.41,830 Main St,Gift Card,Delivered,TRK35386084,7,SAVE10,Referral,382.23
ORD200404,2023-03-09,C45482,Monitor,2,99.1,440 Main St,Cash,Delivered,TRK54571699,6,,Instagram,198.2
ORD200409,2023-06-28,C45187,Desk,5,84.13,767 Main St,Online,Delivered,TRK12320793,9,SAVE10,Google,420.65
ORD200413,2023-10-08,C13923,Tablet,1,118.8,123 Main St,Online,Delivered,TRK87598790,6,SAVE10,Email,118.8
ORD200414,2025-05-04,C11829,Desk,2,139.57,797 Main St,Cash,Delivered,TRK84229257,4,WINTER15,Facebook,279.14
ORD200437,2024-04-18,C63378,Phone,1,512.39,955 Main St,Online,Delivered,TRK20863705,2,FREESHIP,Instagram,512.39
ORD200445,2024-03-23,C94569,Phone,1,487.21,227 Main St,Cash,Delivered,TRK31351770,3,SAVE10,Referral,487.21
ORD200446,2023-10-18,C89592,Laptop,5,509.58,262 Main St,Online,Delivered,TRK49442402,6,FREESHIP,Instagram,2547.9
ORD200466,2023-07-18,C37412,Phone,1,432.47,895 Main St,Cash,Delivered,TRK97829604,4,FREESHIP,Referral,432.47
ORD200468,2025-06-21,C90110,Phone,1,418.36,998 Main St,Credit Card,Delivered,TRK60203957,5,FREESHIP,Email,418.36
ORD200481,2023-04-23,C94568,Laptop,4,484.85,317 Main St,Debit Card,Delivered,TRK58653915,5,WINTER15,Referral,1939.4
ORD200508,2025-05-14,C39550,Phone,1,558.27,976 Main St,Online,Delivered,TRK24120267,1,,Referral,558.27
ORD200510,2024-12-16,C72533,Printer,1,376.76,389 Main St,Debit Card,Delivered,TRK51288986,5,SAVE10,Email,376.76
ORD200511,2024-03-15,C11415,Monitor,5,575.24,267 Main St,Cash,Delivered,TRK65061457,7,WINTER15,Email,2876.2
ORD200531,2024-07-02,C64502,Desk,5,320.01,722 Main St,Gift Card,Delivered,TRK14914388,6,,Referral,1600.05
ORD200532,2025-05-03,C47365,Laptop,2,41.0,369 Main St,Online,Delivered,TRK42207882,7,,Email,82.0
ORD200537,2025-03-23,C68553,Tablet,3,247.47,385 Main St,Online,Delivered,TRK58218971,4,SAVE10,Facebook,742.41
ORD200539,2025-02-18,C53277,Desk,3,531.72,473 Main St,Gift Card,Delivered,TRK17653832,7,SAVE10,Google,1595.16
ORD200547,2023-08-20,C40427,Phone,1,613.98,411 Main St,Online,Delivered,TRK25392280,4,FREESHIP,Facebook,613.98
ORD200548,2024-01-05,C17103,Printer,3,426.12,922 Main St,Online,Delivered,TRK64398650,5,WINTER15,Instagram,1278.36
ORD200551,2023-05-18,C23947,Laptop,1,120.98,353 Main St,Debit Card,Delivered,TRK74812710,6,WINTER15,Email,120.98
ORD200558,2024-07-16,C76766,Phone,4,628.12,485 Main St,Online,Delivered,TRK32052962,6,WINTER15,Instagram,2512.48
ORD200568,2023-03-10,C29072,Laptop,2,343.99,312 Main St,Online,Delivered,TRK72334047,4,,Google,687.98
ORD200578,2024-10-10,C50415,Monitor,5,566.07,587 Main St,Credit Card,Delivered,TRK41345634,6,SAVE10,Instagram,2830.35
ORD200580,2023-11-14,C71076,Monitor,2,255.99,340 Main St,Credit Card,Delivered,TRK65148292,4,SAVE10,Instagram,511.98
ORD200581,2024-11-11,C44674,Laptop,1,627.34,942 Main St,Online,Delivered,TRK87158684,1,,Referral,627.34
ORD200583,2025-06-15,C27072,Chair,3,154.37,996 Main St,Gift Card,Delivered,TRK29750379,4,,Instagram,463.11
ORD200584,2025-03-21,C15257,Chair,4,145.05,626 Main St,Online,Delivered,TRK28779938,6,SAVE10,Google,580.2
ORD200587,2023-06-12,C18820,Monitor,5,514.6,347 Main St,Gift Card,Delivered,TRK91547425,10,FREESHIP,Instagram,2573.0
ORD200588,2024-12-10,C61849,Monitor,4,577.82,811 Main St,Credit Card,Delivered,TRK47613918,9,,Google,2311.28
ORD200589,2025-02-10,C84041,Laptop,2,500.8,900 Main St,Cash,Delivered,TRK84920444,3,FREESHIP,Referral,1001.6
ORD200604,2025-06-22,C99214,Chair,3,32.62,252 Main St,Debit Card,Delivered,TRK81368481,6,,Facebook,97.85999999999999
ORD200621,2023-10-22,C37455,Phone,5,476.01,146 Main St,Credit Card,Delivered,TRK82685594,7,WINTER15,Google,2380.05
ORD200624,2024-01-16,C25967,Tablet,5,341.96,747 Main St,Debit Card,Delivered,TRK88559278,6,,Email,1709.8
ORD200632,2023-05-02,C67260,Laptop,5,678.16,463 Main St,Gift Card,Delivered,TRK38229104,7,WINTER15,Facebook,3390.8
ORD200634,2024-04-25,C66906,Printer,2,259.32,117 Main St,Gift Card,Delivered,TRK31633755,2,WINTER15,Referral,518.64
ORD200638,2023-10-15,C66840,Tablet,4,578.27,547 Main St,Online,Delivered,TRK76929637,9,WINTER15,Email,2313.08
ORD200648,2025-01-18,C89674,Monitor,2,575.83,182 Main St,Online,Delivered,TRK45902512,3,WINTER15,Referral,1151.66
ORD200650,2023-05-18,C74499,Desk,2,372.23,518 Main St,Gift Card,Delivered,TRK93767278,7,SAVE10,Email,744.46
ORD200659,2024-10-26,C24301,Phone,2,642.04,964 Main St,Gift Card,Delivered,TRK55000075,4,WINTER15,Email,1284.08
ORD200673,2023-02-21,C46504,Tablet,2,372.92,131 Main St,Credit Card,Delivered,TRK95024356,7,SAVE10,Email,745.84
ORD200674,2024-01-09,C56928,Laptop,4,358.75,860 Main St,Gift Card,Delivered,TRK57792939,9,SAVE10,Facebook,1435.0
ORD200692,2023-01-23,C25534,Desk,5,196.84,319 Main St,Credit Card,Delivered,TRK68347402,5,WINTER15,Instagram,984.2
ORD200698,2023-01-04,C44366,Laptop,2,388.22,169 Main St,Cash,Delivered,TRK48658394,2,WINTER15,Instagram,776.44
ORD200701,2024-06-23,C75456,Monitor,3,92.22,115 Main St,Credit Card,Delivered,TRK90519490,5,FREESHIP,Email,276.66
ORD200704,2023-06-03,C96034,Desk,4,30.27,819 Main St,Online,Delivered,TRK87261034,9,FREESHIP,Google,121.08
ORD200715,2024-07-26,C68266,Printer,3,653.63,281 Main St,Online,Delivered,TRK96161062,7,FREESHIP,Email,1960.89
ORD200717,2023-10-16,C50087,Chair,3,122.11,707 Main St,Online,Delivered,TRK31143760,4,WINTER15,Email,366.33
ORD200721,2024-03-18,C46557,Desk,2,118.59,890 Main St,Credit Card,Delivered,TRK56110689,2,,Email,237.18
ORD200726,2024-10-25,C18105,Laptop,4,583.02,338 Main St,Online,Delivered,TRK94006117,4,FREESHIP,Facebook,2332.08
ORD200730,2025-02-22,C77357,Phone,1,474.6,407 Main St,Debit Card,Delivered,TRK91943923,4,SAVE10,Email,474.6
ORD200732,2025-03-07,C80987,Laptop,1,132.05,787 Main St,Online,Delivered,TRK42187776,2,,Google,132.05
ORD200739,2024-06-13,C35123,Phone,4,386.73,513 Main St,Cash,Delivered,TRK58979275,4,SAVE10,Facebook,1546.92
ORD200741,2025-01-23,C99683,Monitor,5,332.64,945 Main St,Gift Card,Delivered,TRK87305883,10,,Referral,1663.2
ORD200744,2024-06-12,C10642,Tablet,2,461.37,200 Main St,Cash,Delivered,TRK98725693,5,SAVE10,Google,922.74
ORD200747,2025-03-12,C54277,Tablet,2,259.58,940 Main St,Debit Card,Delivered,TRK26500181,7,FREESHIP,Instagram,519.16
ORD200752,2024-10-03,C82217,Phone,4,429.37,299 Main St,Credit Card,Delivered,TRK33305694,8,FREESHIP,Google,1717.48
ORD200757,2024-02-22,C81074,Desk,1,157.72,597 Main St,Debit Card,Delivered,TRK91105190,2,FREESHIP,Google,157.72
ORD200761,2023-06-02,C37235,Desk,4,37.76,217 Main St,Debit Card,Delivered,TRK67789367,7,,Google,151.04
ORD200763,2023-04-06,C79142,Laptop,1,569.96,533 Main St,Online,Delivered,TRK30915955,4,FREESHIP,Email,569.96
ORD200767,2025-04-18,C19368,Tablet,2,323.22,517 Main St,Credit Card,Delivered,TRK80436037,7,,Instagram,646.44
ORD200769,2023-07-06,C13366,Printer,4,678.55,568 Main St,Cash,Delivered,TRK98691410,5,,Email,2714.2
ORD200772,2024-07-28,C33802,Monitor,1,604.87,461 Main St,Online,Delivered,TRK25799478,4,,Instagram,604.87
ORD200781,2024-01-10,C43524,Phone,5,524.26,934 Main St,Gift Card,Delivered,TRK51479426,5,FREESHIP,Referral,2621.3
ORD200787,2024-03-17,C18167,Desk,4,221.96,193 Main St,Cash,Delivered,TRK36841089,7,,Google,887.84
ORD200789,2023-08-17,C57276,Tablet,5,691.28,183 Main St,Online,Delivered,TRK75899752,10,SAVE10,Email,3456.4
ORD200793,2024-04-15,C91255,Chair,5,170.22,769 Main St,Debit Card,Delivered,TRK69599961,8,,Referral,851.1
ORD200794,2023-03-09,C76653,Printer,4,384.85,988 Main St,Online,Delivered,TRK77052196,9,FREESHIP,Instagram,1539.4
ORD200804,2024-01-01,C76362,Chair,3,236.5,916 Main St,Online,Delivered,TRK11868618,8,FREESHIP,Email,709.5
ORD200807,2024-11-10,C82344,Monitor,3,676.21,260 Main St,Online,Delivered,TRK70957219,5,SAVE10,Google,2028.63
ORD200817,2023-10-05,C87994,Chair,4,598.19,430 Main St,Credit Card,Delivered,TRK98883971,7,WINTER15,Email,2392.76
ORD200821,2024-12-14,C40771,Laptop,4,174.49,259 Main St,Credit Card,Delivered,TRK56310345,5,SAVE10,Facebook,697.96
ORD200827,2023-05-25,C95856,Tablet,2,639.88,432 Main St,Cash,Delivered,TRK58829625,5,WINTER15,Instagram,1279.76
ORD200829,2023-02-05,C39551,Monitor,1,76.93,685 Main St,Debit Card,Delivered,TRK68358007,6,WINTER15,Instagram,76.93
ORD200830,2024-12-11,C90310,Tablet,4,190.64,853 Main St,Cash,Delivered,TRK70028457,5,SAVE10,Email,762.56
ORD200837,2025-06-14,C88029,Chair,5,655.55,282 Main St,Online,Delivered,TRK59701278,5,,Email,3277.75
ORD200840,2024-01-14,C60699,Chair,3,411.95,672 Main St,Credit Card,Delivered,TRK88660574,7,FREESHIP,Referral,1235.85
ORD200841,2024-09-19,C94658,Printer,2,443.22,742 Main St,Credit Card,Delivered,TRK51732528,5,,Facebook,886.44
ORD200845,2023-10-08,C24212,Phone,3,107.36,808 Main St,Gift Card,Delivered,TRK68894675,5,FREESHIP,Google,322.08
ORD200854,2025-06-13,C56938,Laptop,3,372.6,356 Main St,Credit Card,Delivered,TRK67735987,7,WINTER15,Referral,1117.8
ORD200857,2024-03-10,C56506,Phone,3,257.84,185 Main St,Online,Delivered,TRK86808324,4,,Instagram,773.52
ORD200860,2024-01-23,C69542,Printer,1,422.54,876 Main St,Cash,Delivered,TRK20746505,1,SAVE10,Google,422.54
ORD200864,2023-05-03,C14240,Desk,1,491.11,592 Main St,Credit Card,Delivered,TRK58095246,4,SAVE10,Facebook,491.11
ORD200867,2024-05-26,C53252,Printer,4,142.58,351 Main St,Cash,Delivered,TRK65831261,4,FREESHIP,Facebook,570.32
ORD200868,2024-06-29,C70452,Monitor,4,316.32,309 Main St,Debit Card,Delivered,TRK42985882,7,,Facebook,1265.28
ORD200869,2024-03-17,C29905,Desk,2,533.95,790 Main St,Online,Delivered,TRK16788127,5,WINTER15,Google,1067.9
ORD200870,2025-06-01,C78725,Phone,4,470.09,541 Main St,Debit Card,Delivered,TRK72001139,4,FREESHIP,Google,1880.36
ORD200873,2024-05-12,C53488,Desk,3,136.84,448 Main St,Cash,Delivered,TRK27365050,3,SAVE10,Facebook,410.52
ORD200874,2023-10-31,C92180,Chair,2,488.9,632 Main St,Cash,Delivered,TRK93315929,7,FREESHIP,Facebook,977.8
ORD200875,2023-08-03,C25918,Laptop,5,133.39,203 Main St,Credit Card,Delivered,TRK66473392,6,FREESHIP,Referral,666.9499999999999
ORD200882,2025-06-28,C43335,Phone,2,274.12,533 Main St,Cash,Delivered,TRK91848650,6,FREESHIP,Referral,548.24
ORD200883,2025-05-13,C43595,Printer,5,561.48,451 Main St,Online,Delivered,TRK25317348,9,FREESHIP,Facebook,2807.4
ORD200887,2024-12-19,C67932,Chair,3,171.66,857 Main St,Debit Card,Delivered,TRK88547534,7,,Google,514.98
ORD200897,2024-09-03,C87995,Laptop,4,481.48,358 Main St,Gift Card,Delivered,TRK38730545,5,SAVE10,Instagram,1925.92
ORD200910,2024-05-31,C36174,Printer,3,308.98,348 Main St,Cash,Delivered,TRK26397548,3,SAVE10,Instagram,926.94
ORD200918,2025-06-24,C74359,Laptop,5,368.25,706 Main St,Online,Delivered,TRK18250450,5,,Instagram,1841.25
ORD200926,2024-03-20,C67533,Desk,1,26.95,672 Main St,Cash,Delivered,TRK14566395,1,WINTER15,Email,26.95
ORD200932,2023-03-26,C26118,Laptop,2,72.39,168 Main St,Online,Delivered,TRK15334251,7,WINTER15,Instagram,144.78
ORD200935,2023-11-24,C39593,Phone,3,692.71,398 Main St,Credit Card,Delivered,TRK62405253,3,FREESHIP,Instagram,2078.13
ORD200936,2024-01-12,C50612,Chair,4,56.66,737 Main St,Online,Delivered,TRK44140968,4,SAVE10,Instagram,226.64
ORD200939,2025-04-16,C48510,Laptop,2,521.4,212 Main St,Cash,Delivered,TRK53152886,7,SAVE10,Instagram,1042.8
ORD200944,2024-12-16,C32687,Laptop,2,426.22,448 Main St,Online,Delivered,TRK98284560,7,WINTER15,Google,852.44
ORD200956,2024-04-11,C21191,Phone,2,160.98,381 Main St,Debit Card,Delivered,TRK86246309,3,SAVE10,Referral,321.96
ORD200958,2023-05-13,C82685,Desk,3,158.66,537 Main St,Gift Card,Delivered,TRK70184320,7,WINTER15,Email,475.98
ORD200962,2024-09-06,C12459,Phone,2,142.08,838 Main St,Gift Card,Delivered,TRK30674085,4,SAVE10,Referral,284.16
ORD200970,2024-09-07,C72664,Desk,1,627.15,241 Main St,Cash,Delivered,TRK86694331,5,SAVE10,Instagram,627.15
ORD200972,2024-06-09,C66438,Laptop,1,90.27,816 Main St,Cash,Delivered,TRK32035271,5,SAVE10,Facebook,90.27
ORD200978,2024-06-25,C41508,Printer,4,107.49,993 Main St,Cash,Delivered,TRK61047536,5,,Google,429.96
ORD200979,2023-05-31,C75018,Monitor,3,669.06,299 Main St,Cash,Delivered,TRK51794806,7,SAVE10,Facebook,2007.18
ORD200980,2023-10-14,C84320,Chair,3,69.65,107 Main St,Cash,Delivered,TRK81093218,7,WINTER15,Instagram,208.95
ORD200985,2024-07-20,C92788,Desk,1,243.71,948 Main St,Gift Card,Delivered,TRK83835361,6,SAVE10,Google,243.71
ORD200993,2024-04-06,C61384,Monitor,3,267.45,576 Main St,Gift Card,Delivered,TRK33323210,5,WINTER15,Instagram,802.3499999999999
ORD200994,2024-06-27,C27613,Tablet,4,615.65,971 Main St,Debit Card,Delivered,TRK63701318,9,WINTER15,Google,2462.6
ORD200996,2024-04-28,C28648,Monitor,4,473.86,101 Main St,Debit Card,Delivered,TRK92240846,7,SAVE10,Facebook,1895.44
ORD200997,2023-11-27,C26210,Laptop,3,444.75,805 Main St,Cash,Delivered,TRK40616861,6,SAVE10,Facebook,1334.25
ORD201000,2023-06-21,C90132,Printer,5,260.93,582 Main St,Online,Delivered,TRK52664903,9,SAVE10,Email,1304.65
ORD201006,2024-05-27,C27435,Tablet,5,420.98,860 Main St,Cash,Delivered,TRK91458233,7,SAVE10,Facebook,2104.9
ORD201008,2023-01-13,C62557,Monitor,3,410.88,257 Main St,Cash,Delivered,TRK12742366,8,FREESHIP,Instagram,1232.64
ORD201009,2023-09-02,C54494,Tablet,2,176.46,696 Main St,Credit Card,Delivered,TRK95958645,2,FREESHIP,Email,352.92
ORD201016,2023-12-29,C20257,Tablet,5,268.78,669 Main St,Debit Card,Delivered,TRK62135578,7,WINTER15,Email,1343.9
ORD201017,2024-08-25,C51694,Chair,2,680.85,953 Main St,Gift Card,Delivered,TRK83122112,6,FREESHIP,Referral,1361.7
ORD201018,2023-07-08,C77499,Laptop,3,182.48,209 Main St,Cash,Delivered,TRK20703086,3,,Instagram,547.4399999999999
ORD201020,2024-04-22,C50211,Tablet,2,26.5,312 Main St,Online,Delivered,TRK47787981,3,SAVE10,Instagram,53.0
ORD201025,2025-05-17,C28406,Chair,1,23.53,174 Main St,Gift Card,Delivered,TRK98841457,2,FREESHIP,Instagram,23.53
ORD201026,2023-05-01,C55454,Monitor,1,677.48,807 Main St,Online,Delivered,TRK13281370,1,WINTER15,Facebook,677.48
ORD201030,2023-10-02,C61773,Phone,4,245.28,176 Main St,Credit Card,Delivered,TRK12936357,6,WINTER15,Email,981.12
ORD201032,2023-04-20,C26188,Chair,1,618.68,990 Main St,Online,Delivered,TRK61634201,6,WINTER15,Referral,618.68
ORD201033,2024-12-24,C20338,Monitor,1,370.85,331 Main St,Gift Card,Delivered,TRK30654048,2,FREESHIP,Referral,370.85
ORD201040,2023-11-15,C13169,Tablet,1,536.07,932 Main St,Debit Card,Delivered,TRK66288666,5,FREESHIP,Google,536.07
ORD201044,2025-06-22,C63018,Printer,1,38.49,215 Main St,Credit Card,Delivered,TRK52335337,4,FREESHIP,Referral,38.49
ORD201054,2023-11-29,C42949,Printer,1,660.66,447 Main St,Debit Card,Delivered,TRK46415143,3,WINTER15,Instagram,660.66
ORD201055,2023-10-23,C10787,Monitor,4,274.82,932 Main St,Debit Card,Delivered,TRK91512567,9,WINTER15,Email,1099.28
ORD201065,2023-10-30,C47778,Printer,5,666.8,488 Main St,Debit Card,Delivered,TRK79504329,7,SAVE10,Referral,3334.0
ORD201075,2024-08-31,C40949,Monitor,2,552.63,609 Main St,Debit Card,Delivered,TRK43066749,7,WINTER15,Instagram,1105.26
ORD201079,2024-06-20,C89979,Phone,5,634.0,144 Main St,Gift Card,Delivered,TRK99055909,8,,Email,3170.0
ORD201080,2023-01-20,C70613,Laptop,5,464.74,438 Main St,Gift Card,Delivered,TRK33140293,7,,Referral,2323.7
ORD201083,2024-07-09,C68508,Chair,1,123.28,895 Main St,Credit Card,Delivered,TRK98960285,3,SAVE10,Email,123.28
ORD201092,2023-08-21,C38642,Laptop,5,209.2,930 Main St,Debit Card,Delivered,TRK47744396,6,WINTER15,Email,1046.0
ORD201095,2024-04-23,C33051,Phone,2,441.54,397 Main St,Online,Delivered,TRK92929755,2,SAVE10,Email,883.08
ORD201098,2023-06-17,C91103,Monitor,4,255.86,155 Main St,Credit Card,Delivered,TRK91653000,7,,Email,1023.44
ORD201103,2023-04-24,C90292,Laptop,4,276.32,129 Main St,Online,Delivered,TRK26270357,5,,Google,1105.28
ORD201112,2023-10-13,C76929,Desk,1,356.81,563 Main St,Online,Delivered,TRK80694400,1,WINTER15,Instagram,356.81
ORD201113,2023-03-19,C52914,Desk,4,209.99,168 Main St,Cash,Delivered,TRK80819053,8,,Google,839.96
ORD201116,2023-10-14,C69149,Printer,2,531.49,562 Main St,Credit Card,Delivered,TRK61265132,7,WINTER15,Facebook,1062.98
ORD201119,2024-11-24,C99024,Laptop,1,684.65,250 Main St,Credit Card,Delivered,TRK24675988,1,FREESHIP,Email,684.65
ORD201126,2024-07-22,C34337,Phone,5,190.11,325 Main St,Cash,Delivered,TRK36195559,7,SAVE10,Google,950.5500000000001
ORD201145,2025-05-12,C28152,Desk,3,571.53,821 Main St,Debit Card,Delivered,TRK59642814,6,FREESHIP,Facebook,1714.59
ORD201155,2023-08-13,C41478,Printer,4,534.57,667 Main St,Credit Card,Delivered,TRK62068126,6,FREESHIP,Facebook,2138.28
ORD201157,2024-05-29,C25841,Monitor,3,301.55,242 Main St,Debit Card,Delivered,TRK21451375,5,FREESHIP,Google,904.6500000000001
ORD201162,2025-03-11,C29405,Phone,2,224.37,251 Main St,Debit Card,Delivered,TRK33125798,3,WINTER15,Referral,448.74
ORD201164,2024-01-08,C65890,Tablet,5,315.57,340 Main St,Debit Card,Delivered,TRK64530489,6,WINTER15,Email,1577.85
ORD201166,2023-07-31,C95568,Chair,3,324.47,971 Main St,Cash,Delivered,TRK37075292,4,WINTER15,Email,973.4100000000001
ORD201168,2023-04-08,C89559,Laptop,2,331.42,297 Main St,Credit Card,Delivered,TRK82838108,6,WINTER15,Google,662.84
ORD201171,2023-08-28,C39911,Phone,4,518.4,699 Main St,Credit Card,Delivered,TRK80431998,7,SAVE10,Facebook,2073.6
ORD201187,2024-03-13,C26340,Desk,2,184.6,562 Main St,Gift Card,Delivered,TRK59962703,7,WINTER15,Email,369.2
ORD201197,2023-07-13,C79674,Tablet,2,436.84,275 Main St,Online,Delivered,TRK88039356,2,FREESHIP,Instagram,873.68
